image_width: 640
image_height: 480
camera_name: narrow_stereo
camera_matrix:
  rows: 3
  cols: 3
  data: [492.18582, 0, 352.467649, 0, 490.153562, 228.246088, 0, 0, 1]
distortion_model: plumb_bob
distortion_coefficients:
  rows: 1
  cols: 5
  data: [-0.020897, 0.061153, 0.000197, -0.004007, 0]
rectification_matrix:
  rows: 3
  cols: 3
  data: [1, 0, 0, 0, 1, 0, 0, 0, 1]
projection_matrix:
  rows: 3
  cols: 4
  data: [499.857666, 0, 348.264976, 0, 0, 501.015656, 228.672134, 0, 0, 0, 1, 0]