image_width: 640
image_height: 480
camera_name: narrow_stereo
camera_matrix:
  rows: 3
  cols: 3
  data: [596.398816, 0, 335.272927, 0, 598.034717, 309.67575, 0, 0, 1]
distortion_model: plumb_bob
distortion_coefficients:
  rows: 1
  cols: 5
  data: [-0.478695, 0.216759, 0.000531, 0.005369, 0]
rectification_matrix:
  rows: 3
  cols: 3
  data: [1, 0, 0, 0, 1, 0, 0, 0, 1]
projection_matrix:
  rows: 3
  cols: 4
  data: [498.947144, 0, 347.00359, 0, 0, 530.158936, 322.609456, 0, 0, 0, 1, 0]