# oST version 5.0 parameters


[image]

width
640

height
480

[narrow_stereo]

camera matrix
490.571689 0.000000 342.429404
0.000000 489.199132 221.775159
0.000000 0.000000 1.000000

distortion
-0.017655 0.070566 -0.001669 -0.006414 0.000000

rectification
1.000000 0.000000 0.000000
0.000000 1.000000 0.000000
0.000000 0.000000 1.000000

projection
500.539642 0.000000 336.818655 0.000000
0.000000 503.576080 221.466124 0.000000
0.000000 0.000000 1.000000 0.000000

